185.188; 3; 00 01 11; 35 23 14; 14
185.190; 3; 00 01 10; 5 13 9; 5
185.194; 3; 00 01 10; 3 8 3; 3
185.196; 3; 00 01 10; 6 3 3; 3
186.188; 3; 00 01 11; 35 23 16; 16
186.190; 3; 00 01 10; 5 13 11; 5
186.194; 3; 00 01 10; 3 8 3; 3
186.196; 3; 00 01 10; 6 3 3; 3
2689.2692; 3; 00 01 11; 5 2 3; 2
2690.2692; 3; 00 01 11; 5 2 3; 2
2713.2716; 3; 00 01 10; 14 2 8; 2
2714.2716; 3; 00 01 10; 17 4 11; 4
2715.2716; 3; 00 01 10; 18 4 12; 4
2717.2719; 3; 00 10 11; 5 8 2; 2
2723.2727; 3; 00 01 11; 9 8 3; 3
2734.2739; 3; 00 10 11; 9 14 11; 9
2734.2742; 3; 01 10 11; 9 13 11; 9
2734.2750; 3; 00 10 11; 2 2 4; 2
2735.2739; 3; 00 10 11; 9 13 12; 9
2735.2742; 3; 01 10 11; 9 12 12; 9
2735.2750; 3; 00 10 11; 2 2 4; 2
2737.2739; 3; 00 01 10; 16 12 11; 11
2737.2741; 3; 00 10 11; 27 2 9; 2
2737.2742; 4; 00 01 10 11; 15 12 2 9; 2
2737.2750; 3; 00 01 10; 2 4 2; 2
2739.2741; 3; 00 01 10; 17 9 12; 9
2739.2742; 3; 00 01 11; 17 9 12; 9
2739.2745; 3; 00 01 10; 7 2 4; 2
2739.2749; 3; 00 01 10; 2 2 3; 2
2741.2742; 3; 00 01 11; 17 12 9; 9
2741.2750; 3; 00 01 10; 2 4 2; 2
2742.2745; 3; 00 10 11; 7 4 2; 2
2742.2749; 3; 00 10 11; 2 3 2; 2
2742.2750; 3; 00 10 11; 2 2 4; 2
2745.2750; 3; 00 01 10; 7 6 4; 4
2745.2763; 3; 00 01 11; 2 2 3; 2
2745.2766; 3; 00 01 11; 2 4 3; 2
2749.2750; 3; 00 01 10; 13 11 8; 8
2750.2754; 3; 00 01 10; 7 5 11; 5
2750.2766; 3; 00 01 11; 3 3 2; 2
2750.2771; 3; 00 01 10; 2 2 3; 2
2750.2772; 3; 00 01 10; 2 2 3; 2
2758.2759; 3; 00 01 11; 9 20 12; 9
2758.2762; 3; 00 01 10; 11 8 11; 8
2758.2763; 3; 00 01 11; 5 9 11; 5
2758.2764; 3; 00 01 10; 12 2 10; 2
2758.2766; 3; 00 01 11; 3 4 5; 3
2758.2776; 3; 00 01 10; 4 3 7; 3
2759.2764; 3; 00 10 11; 6 21 4; 4
2759.2771; 3; 00 10 11; 4 8 5; 4
2759.2772; 3; 00 10 11; 4 8 5; 4
2762.2764; 3; 00 01 10; 29 8 11; 8
2762.2771; 3; 00 01 10; 5 2 3; 2
2762.2772; 3; 00 01 10; 5 2 3; 2
2763.2764; 3; 00 10 11; 11 32 10; 10
2764.2766; 3; 00 01 11; 7 26 9; 7
2766.2770; 3; 00 10 11; 10 11 11; 10
2766.2771; 3; 00 10 11; 8 14 7; 7
2766.2772; 3; 00 10 11; 8 13 7; 7
2770.2771; 3; 00 01 10; 30 20 14; 14
2770.2772; 3; 00 01 10; 30 20 13; 13
2770.2776; 3; 00 01 10; 7 2 5; 2
2771.2776; 3; 00 01 10; 7 2 4; 2
2772.2776; 3; 00 01 10; 7 2 4; 2
2788.2789; 3; 00 01 10; 4 5 4; 4
2788.2790; 3; 00 01 10; 4 5 4; 4
3213.3215; 3; 00 01 10; 3 19 28; 3
12312.12318; 3; 01 10 11; 21 24 3; 3
13536.13537; 3; 00 01 11; 5 7 5; 5
13536.13538; 3; 00 01 11; 2 7 5; 2
13540.13541; 3; 00 01 10; 3 9 12; 3
14043.14053; 3; 00 01 10; 2 11 3; 2
14044.14053; 3; 00 01 10; 2 8 4; 2
14046.14053; 3; 00 01 10; 2 19 21; 2
14047.14053; 3; 00 01 10; 2 19 24; 2
14050.14053; 3; 00 01 10; 2 44 45; 2
14878.14880; 4; 00 01 10 11; 1 33 28 1; 1
14879.14880; 4; 00 01 10 11; 1 36 29 1; 1
18252.18255; 3; 00 01 10; 5 4 5; 4
18252.18256; 3; 00 01 10; 4 4 5; 4
18252.18262; 3; 00 01 10; 5 4 8; 4
18252.18264; 3; 00 01 11; 4 3 6; 3
18253.18255; 3; 00 01 10; 7 11 7; 7
18253.18256; 3; 00 01 10; 6 11 7; 6
18253.18262; 3; 00 01 10; 3 6 10; 3
18253.18264; 3; 00 01 11; 4 5 7; 4
18254.18255; 3; 00 01 10; 12 11 11; 11
18254.18256; 3; 00 01 10; 11 11 11; 11
18254.18262; 3; 00 01 10; 4 6 12; 4
18254.18264; 3; 00 01 11; 7 5 9; 5
18254.18265; 3; 00 01 11; 7 5 3; 3
18255.18258; 3; 00 01 10; 5 7 4; 4
18255.18259; 3; 00 01 10; 5 12 9; 5
18255.18261; 3; 00 01 10; 6 13 11; 6
18255.18263; 3; 00 01 10; 5 15 10; 5
18255.18264; 3; 00 01 11; 5 7 7; 5
18255.18265; 3; 00 01 11; 5 3 5; 3
18256.18258; 3; 00 01 10; 4 7 5; 4
18256.18259; 3; 00 01 10; 4 12 9; 4
18256.18261; 3; 00 01 10; 6 13 11; 6
18256.18263; 3; 00 01 10; 5 15 10; 5
18256.18264; 3; 00 01 11; 5 7 8; 5
18256.18265; 3; 00 01 11; 5 3 6; 3
18258.18262; 3; 00 01 10; 6 6 14; 6
18258.18264; 3; 00 01 11; 14 14 13; 13
18258.18265; 3; 00 01 11; 15 12 3; 3
18259.18262; 3; 00 01 10; 33 30 20; 20
18259.18264; 3; 00 01 11; 7 10 6; 6
18259.18265; 3; 00 01 11; 16 11 4; 4
18259.18268; 3; 00 01 10; 11 10 3; 3
18261.18262; 3; 00 01 10; 41 32 20; 20
18261.18264; 3; 00 01 11; 5 5 3; 3
18261.18265; 3; 00 01 11; 13 10 4; 4
18261.18268; 3; 00 01 10; 15 12 5; 5
18262.18263; 3; 00 01 10; 41 41 42; 41
18262.18264; 3; 00 01 11; 3 21 18; 3
18262.18265; 3; 00 01 11; 9 3 10; 3
18263.18264; 3; 00 01 11; 2 19 25; 2
18263.18265; 3; 00 01 11; 7 9 3; 3
18263.18268; 3; 00 01 10; 15 16 9; 9
18264.18268; 3; 00 10 11; 3 6 7; 3
18265.18268; 3; 00 10 11; 6 3 11; 3
18282.18286; 3; 00 01 10; 4 7 5; 4
18282.18288; 3; 00 01 10; 10 5 4; 4
18282.18290; 3; 00 01 10; 11 6 5; 5
18282.18292; 3; 00 01 10; 10 6 4; 4
18282.18293; 3; 00 01 10; 11 6 2; 2
18282.18294; 3; 00 01 10; 6 10 4; 4
18282.18295; 3; 00 01 11; 11 6 4; 4
18282.18298; 3; 00 01 10; 10 7 3; 3
18282.18299; 3; 00 01 10; 5 5 2; 2
18285.18286; 3; 00 01 10; 4 8 7; 4
18287.18288; 3; 00 01 10; 27 7 13; 7
18287.18290; 3; 00 01 10; 23 7 10; 7
18287.18292; 3; 00 01 10; 21 7 6; 6
18287.18293; 3; 00 01 10; 20 7 5; 5
18287.18294; 3; 00 01 10; 7 17 4; 4
18287.18295; 3; 00 01 11; 17 7 4; 4
18288.18294; 3; 00 01 10; 4 17 8; 4
18288.18295; 3; 00 01 11; 17 4 8; 4
18290.18294; 3; 00 01 10; 7 17 10; 7
18290.18295; 3; 00 01 11; 18 7 10; 7
18292.18294; 3; 00 01 10; 7 17 11; 7
18292.18295; 3; 00 01 11; 18 7 11; 7
18293.18294; 3; 00 01 10; 6 18 11; 6
18293.18295; 3; 00 01 11; 19 6 11; 6
18294.18298; 3; 00 01 10; 6 12 15; 6
18294.18299; 3; 00 01 10; 5 8 9; 5
18295.18298; 3; 00 10 11; 16 6 12; 6
18295.18299; 3; 00 10 11; 10 5 8; 5
18304.18307; 3; 00 10 11; 2 2 6; 2
18304.18308; 3; 00 10 11; 3 4 2; 2
18305.18307; 3; 00 10 11; 4 7 17; 4
18305.18308; 3; 00 10 11; 5 14 9; 5
18305.18309; 3; 00 10 11; 2 6 7; 2
18305.18310; 3; 00 10 11; 2 6 6; 2
18305.18311; 3; 00 10 11; 3 5 5; 3
18307.18308; 3; 00 01 10; 50 51 33; 33
18307.18309; 3; 00 01 10; 28 38 20; 20
18307.18311; 3; 00 01 10; 17 24 14; 14
18308.18310; 3; 00 01 10; 32 22 46; 22
18309.18310; 3; 00 01 10; 40 31 67; 31
18310.18311; 3; 00 01 10; 41 61 25; 25
18679.18683; 3; 00 01 11; 28 2 21; 2
18679.18684; 3; 00 01 10; 2 15 7; 2
19008.19009; 4; 00 01 10 11; 1 30 29 1; 1
19009.19010; 4; 00 01 10 11; 2 55 52 1; 1
19101.19103; 3; 00 01 11; 23 6 18; 6
19103.19106; 3; 00 10 11; 23 6 17; 6
19502.19504; 3; 00 10 11; 21 2 28; 2
19502.19507; 3; 00 10 11; 7 2 7; 2
20231.20234; 3; 01 10 11; 16 9 2; 2
20231.20235; 3; 00 10 11; 5 2 3; 2
20231.20239; 3; 00 10 11; 4 2 3; 2
20231.20240; 3; 00 10 11; 4 2 4; 2
21862.21870; 3; 00 01 11; 2 4 3; 2
23018.23020; 3; 00 01 10; 3 12 29; 3
23018.23022; 3; 00 01 10; 3 9 25; 3
24337.24338; 3; 00 10 11; 60 2 52; 2
24337.24342; 3; 00 10 11; 6 2 13; 2
24951.24953; 3; 00 01 11; 47 2 37; 2
26068.26074; 4; 00 01 10 11; 18 1 1 5; 1
26400.26403; 3; 00 01 10; 2 8 7; 2
26400.26404; 3; 00 01 10; 2 8 8; 2
27508.27514; 3; 00 01 10; 2 12 9; 2
27510.27514; 3; 00 10 11; 12 2 19; 2
