16.17; 3; 00 01 11; 21 1 37; 1
16.33; 3; 00 01 10; 1 5 6; 1
16.34; 3; 00 01 10; 1 5 6; 1
28.33; 3; 00 10 11; 20 1 34; 1
28.34; 3; 00 10 11; 20 1 35; 1
30.33; 3; 00 10 11; 20 1 36; 1
30.34; 3; 00 10 11; 20 1 37; 1
106.121; 3; 00 01 10; 1 5 1; 1
123.126; 3; 00 01 10; 1 34 34; 1
185.188; 3; 00 01 11; 35 23 14; 14
185.190; 3; 00 01 10; 5 13 9; 5
185.194; 3; 00 01 10; 3 8 3; 3
185.196; 3; 00 01 10; 6 3 3; 3
186.188; 3; 00 01 11; 35 23 16; 16
186.190; 3; 00 01 10; 5 13 11; 5
186.194; 3; 00 01 10; 3 8 3; 3
186.196; 3; 00 01 10; 6 3 3; 3
1109.1115; 3; 00 01 10; 1 8 8; 1
1336.1337; 3; 01 10 11; 27 37 1; 1
1336.1340; 3; 01 10 11; 12 10 1; 1
1337.1338; 3; 00 01 11; 12 1 6; 1
1337.1344; 3; 00 01 11; 6 1 5; 1
1493.1500; 3; 00 01 11; 15 1 4; 1
1497.1500; 3; 00 01 11; 21 1 12; 1
1499.1500; 3; 00 01 11; 31 1 26; 1
1500.1511; 3; 00 10 11; 7 1 3; 1
1524.1526; 3; 00 10 11; 30 1 21; 1
1524.1527; 3; 00 10 11; 24 1 16; 1
1524.1531; 3; 00 10 11; 7 1 3; 1
2164.2170; 3; 00 10 11; 8 1 4; 1
2168.2170; 3; 00 01 10; 1 10 20; 1
2169.2170; 3; 00 10 11; 33 1 16; 1
2209.2211; 3; 00 01 11; 13 1 8; 1
2689.2692; 3; 00 01 11; 5 2 3; 2
2689.2693; 3; 00 01 11; 5 1 4; 1
2689.2695; 3; 00 01 10; 1 5 4; 1
2690.2692; 3; 00 01 11; 5 2 3; 2
2690.2693; 3; 00 01 11; 5 1 4; 1
2690.2695; 3; 00 01 10; 1 5 4; 1
2692.2700; 3; 00 10 11; 1 2 2; 1
2693.2700; 3; 00 10 11; 1 3 3; 1
2695.2700; 3; 00 01 10; 3 3 1; 1
2713.2716; 3; 00 01 10; 14 2 8; 2
2714.2716; 3; 00 01 10; 17 4 11; 4
2715.2716; 3; 00 01 10; 18 4 12; 4
2717.2719; 3; 00 10 11; 5 8 2; 2
2719.2727; 3; 00 01 11; 2 4 1; 1
2719.2734; 3; 00 01 11; 1 2 1; 1
2719.2735; 3; 00 01 11; 1 2 1; 1
2719.2737; 3; 00 01 10; 2 1 1; 1
2723.2727; 3; 00 01 11; 9 8 3; 3
2723.2734; 3; 00 01 11; 1 3 2; 1
2723.2735; 3; 00 01 11; 1 2 2; 1
2723.2737; 3; 00 01 10; 2 1 3; 1
2727.2730; 3; 00 10 11; 4 1 1; 1
2727.2734; 3; 01 10 11; 3 1 3; 1
2727.2735; 3; 01 10 11; 2 1 3; 1
2727.2737; 3; 00 10 11; 1 4 1; 1
2727.2741; 3; 00 10 11; 1 3 1; 1
2727.2742; 3; 01 10 11; 1 3 1; 1
2727.2745; 3; 00 10 11; 2 1 1; 1
2734.2739; 3; 00 10 11; 9 14 11; 9
2734.2742; 3; 01 10 11; 9 13 11; 9
2734.2750; 3; 00 10 11; 2 2 4; 2
2735.2739; 3; 00 10 11; 9 13 12; 9
2735.2742; 3; 01 10 11; 9 12 12; 9
2735.2750; 3; 00 10 11; 2 2 4; 2
2737.2739; 3; 00 01 10; 16 12 11; 11
2737.2741; 3; 00 10 11; 27 2 9; 2
2737.2742; 4; 00 01 10 11; 15 12 2 9; 2
2737.2750; 3; 00 01 10; 2 4 2; 2
2739.2741; 3; 00 01 10; 17 9 12; 9
2739.2742; 3; 00 01 11; 17 9 12; 9
2739.2745; 3; 00 01 10; 7 2 4; 2
2739.2749; 3; 00 01 10; 2 2 3; 2
2739.2762; 3; 00 01 10; 1 2 1; 1
2741.2742; 3; 00 01 11; 17 12 9; 9
2741.2750; 3; 00 01 10; 2 4 2; 2
2742.2745; 3; 00 10 11; 7 4 2; 2
2742.2749; 3; 00 10 11; 2 3 2; 2
2742.2750; 3; 00 10 11; 2 2 4; 2
2742.2762; 3; 00 01 10; 1 2 1; 1
2745.2750; 3; 00 01 10; 7 6 4; 4
2745.2762; 3; 00 01 10; 1 2 2; 1
2745.2763; 3; 00 01 11; 2 2 3; 2
2745.2766; 3; 00 01 11; 2 4 3; 2
2745.2770; 3; 00 01 10; 5 2 1; 1
2749.2750; 3; 00 01 10; 13 11 8; 8
2749.2763; 3; 00 01 11; 3 2 1; 1
2749.2766; 3; 00 01 11; 3 4 1; 1
2749.2770; 3; 00 01 10; 7 1 2; 1
2750.2754; 3; 00 01 10; 7 5 11; 5
2750.2763; 3; 00 01 11; 3 2 1; 1
2750.2764; 3; 00 01 10; 5 1 1; 1
2750.2766; 3; 00 01 11; 3 3 2; 2
2750.2770; 3; 00 01 10; 5 1 4; 1
2750.2771; 3; 00 01 10; 2 2 3; 2
2750.2772; 3; 00 01 10; 2 2 3; 2
2754.2763; 3; 00 01 11; 2 2 1; 1
2754.2766; 3; 00 01 11; 2 5 1; 1
2754.2770; 3; 00 01 10; 5 2 1; 1
2758.2759; 3; 00 01 11; 9 20 12; 9
2758.2762; 3; 00 01 10; 11 8 11; 8
2758.2763; 3; 00 01 11; 5 9 11; 5
2758.2764; 3; 00 01 10; 12 2 10; 2
2758.2766; 3; 00 01 11; 3 4 5; 3
2758.2771; 3; 00 01 10; 12 4 1; 1
2758.2772; 3; 00 01 10; 12 4 1; 1
2758.2776; 3; 00 01 10; 4 3 7; 3
2759.2764; 3; 00 10 11; 6 21 4; 4
2759.2770; 3; 00 10 11; 4 8 1; 1
2759.2771; 3; 00 10 11; 4 8 5; 4
2759.2772; 3; 00 10 11; 4 8 5; 4
2762.2764; 3; 00 01 10; 29 8 11; 8
2762.2770; 3; 00 01 10; 1 1 3; 1
2762.2771; 3; 00 01 10; 5 2 3; 2
2762.2772; 3; 00 01 10; 5 2 3; 2
2763.2764; 3; 00 10 11; 11 32 10; 10
2763.2770; 3; 00 10 11; 2 2 1; 1
2763.2771; 3; 00 10 11; 1 5 2; 1
2763.2772; 3; 00 10 11; 1 5 2; 1
2764.2766; 3; 00 01 11; 7 26 9; 7
2764.2770; 3; 00 01 10; 3 3 1; 1
2764.2776; 3; 00 01 10; 14 4 1; 1
2766.2770; 3; 00 10 11; 10 11 11; 10
2766.2771; 3; 00 10 11; 8 14 7; 7
2766.2772; 3; 00 10 11; 8 13 7; 7
2770.2771; 3; 00 01 10; 30 20 14; 14
2770.2772; 3; 00 01 10; 30 20 13; 13
2770.2776; 3; 00 01 10; 7 2 5; 2
2771.2776; 3; 00 01 10; 7 2 4; 2
2772.2776; 3; 00 01 10; 7 2 4; 2
2788.2789; 3; 00 01 10; 4 5 4; 4
2788.2790; 3; 00 01 10; 4 5 4; 4
2788.2793; 3; 00 01 10; 3 1 3; 1
3178.3182; 3; 01 10 11; 17 19 1; 1
3199.3200; 3; 00 10 11; 40 1 45; 1
3213.3215; 3; 00 01 10; 3 19 28; 3
3467.3469; 3; 01 10 11; 29 22 1; 1
3468.3469; 3; 00 01 11; 34 1 45; 1
3468.3470; 3; 00 01 10; 1 29 43; 1
3469.3470; 3; 00 01 10; 1 30 45; 1
3470.3472; 3; 00 01 11; 33 1 26; 1
3470.3473; 3; 00 01 10; 1 25 23; 1
3470.3475; 3; 00 01 10; 1 19 17; 1
4418.4419; 3; 00 01 11; 41 1 37; 1
4419.4436; 3; 00 10 11; 10 1 10; 1
4419.4441; 3; 00 10 11; 6 1 4; 1
4543.4544; 3; 00 10 11; 41 1 42; 1
4964.4965; 3; 01 10 11; 62 38 1; 1
4965.4966; 3; 00 10 11; 38 1 58; 1
4965.4967; 3; 01 10 11; 32 41 1; 1
5233.5245; 3; 00 01 11; 11 1 6; 1
5234.5245; 3; 00 01 11; 11 1 6; 1
5241.5245; 3; 00 01 11; 42 1 23; 1
5242.5245; 3; 00 01 11; 45 1 27; 1
5243.5245; 3; 00 01 11; 45 1 29; 1
5245.5247; 3; 01 10 11; 26 21 1; 1
5371.5377; 3; 00 01 10; 1 2 1; 1
5921.5924; 3; 00 01 10; 1 2 3; 1
5921.5931; 3; 00 01 10; 1 1 1; 1
6360.6377; 3; 01 10 11; 2 1 1; 1
6361.6377; 3; 00 01 11; 5 1 1; 1
6362.6377; 3; 00 01 11; 5 1 1; 1
6374.6377; 3; 01 10 11; 11 4 1; 1
6501.6502; 3; 01 10 11; 43 32 1; 1
6501.6515; 3; 00 10 11; 6 1 4; 1
6501.6516; 3; 01 10 11; 6 4 1; 1
7052.7053; 3; 00 01 11; 1 1 5; 1
7095.7096; 3; 00 01 10; 1 24 47; 1
7281.7283; 3; 01 10 11; 62 45 1; 1
8545.8553; 3; 00 01 11; 12 1 6; 1
8635.8637; 3; 01 10 11; 37 33 1; 1
8636.8637; 3; 00 01 11; 40 1 44; 1
8637.8642; 3; 01 10 11; 10 11 1; 1
8637.8643; 3; 01 10 11; 10 11 1; 1
8838.8842; 3; 00 01 11; 28 1 28; 1
8838.8843; 3; 00 01 10; 1 28 26; 1
8839.8842; 3; 00 01 11; 35 1 29; 1
8839.8843; 3; 00 01 10; 1 34 27; 1
8840.8842; 3; 00 01 11; 40 1 31; 1
8840.8843; 3; 00 01 10; 1 39 29; 1
8848.8849; 3; 00 01 11; 47 1 52; 1
9193.9195; 3; 00 01 11; 22 1 24; 1
9194.9195; 3; 01 10 11; 31 27 1; 1
9402.9413; 3; 00 10 11; 6 1 9; 1
9404.9413; 3; 00 01 10; 1 10 6; 1
9406.9413; 3; 00 10 11; 7 1 12; 1
9407.9413; 3; 00 01 10; 1 12 7; 1
10019.10020; 3; 00 10 11; 42 1 44; 1
10019.10021; 3; 01 10 11; 36 39 1; 1
10019.10025; 3; 01 10 11; 8 12 1; 1
10143.10146; 3; 00 10 11; 4 1 2; 1
10144.10146; 3; 00 10 11; 4 1 1; 1
10145.10146; 3; 00 10 11; 11 1 2; 1
10156.10158; 3; 00 01 10; 1 28 30; 1
10428.10430; 3; 00 01 10; 1 59 52; 1
11126.11127; 3; 00 01 10; 1 34 19; 1
11404.11406; 3; 00 10 11; 29 1 27; 1
11644.11647; 3; 00 10 11; 24 1 28; 1
11697.11698; 3; 00 10 11; 43 1 21; 1
11697.11699; 3; 00 10 11; 41 1 20; 1
11777.11778; 3; 00 01 10; 1 32 33; 1
11887.11890; 3; 00 10 11; 14 1 6; 1
11889.11890; 3; 00 01 10; 1 45 52; 1
11951.11957; 3; 00 01 10; 1 13 9; 1
12041.12054; 3; 00 10 11; 4 1 2; 1
12041.12055; 3; 00 10 11; 4 1 2; 1
12312.12318; 3; 01 10 11; 21 24 3; 3
12456.12462; 3; 00 10 11; 9 1 3; 1
12456.12463; 3; 00 10 11; 9 1 3; 1
12456.12464; 3; 00 10 11; 9 1 3; 1
12458.12462; 3; 00 10 11; 6 1 5; 1
12458.12463; 3; 00 10 11; 6 1 5; 1
12458.12464; 3; 00 10 11; 6 1 5; 1
12459.12462; 3; 00 10 11; 6 1 4; 1
12459.12463; 3; 00 10 11; 6 1 4; 1
12459.12464; 3; 00 10 11; 6 1 4; 1
12462.12467; 3; 00 01 11; 2 1 3; 1
12463.12467; 3; 00 01 11; 3 1 3; 1
12464.12467; 3; 00 01 11; 3 1 3; 1
12474.12478; 3; 00 01 11; 20 1 16; 1
12474.12492; 3; 00 01 11; 3 1 1; 1
12474.12493; 3; 00 01 11; 1 1 3; 1
12520.12522; 3; 00 10 11; 47 1 30; 1
12520.12523; 3; 00 10 11; 47 1 29; 1
12520.12524; 3; 00 10 11; 35 1 10; 1
12520.12525; 3; 00 10 11; 25 1 5; 1
12520.12526; 3; 00 10 11; 23 1 4; 1
12521.12522; 3; 00 10 11; 49 1 33; 1
12521.12523; 3; 00 10 11; 49 1 32; 1
12521.12524; 3; 00 10 11; 37 1 13; 1
12521.12525; 3; 00 10 11; 26 1 8; 1
12521.12526; 3; 00 10 11; 24 1 7; 1
12536.12540; 3; 00 01 11; 8 1 16; 1
12536.12541; 3; 00 01 11; 7 1 15; 1
12536.12542; 3; 00 01 11; 10 1 17; 1
12716.12721; 3; 01 10 11; 6 2 1; 1
12951.12957; 3; 00 01 10; 1 7 13; 1
12951.12959; 3; 00 01 11; 9 1 10; 1
12951.12960; 3; 00 01 11; 10 1 8; 1
12952.12957; 3; 00 01 10; 1 7 13; 1
12952.12959; 3; 00 01 11; 9 1 10; 1
12952.12960; 3; 00 01 11; 10 1 8; 1
12960.12961; 3; 00 01 10; 1 43 34; 1
13069.13071; 3; 00 01 10; 1 11 8; 1
13070.13071; 3; 00 01 10; 1 31 26; 1
13536.13537; 3; 00 01 11; 5 7 5; 5
13536.13538; 3; 00 01 11; 2 7 5; 2
13540.13541; 3; 00 01 10; 3 9 12; 3
13964.13977; 3; 00 10 11; 10 1 8; 1
13965.13977; 3; 00 10 11; 9 1 10; 1
13966.13977; 3; 00 10 11; 7 1 13; 1
13970.13977; 3; 00 01 10; 1 3 5; 1
13971.13977; 3; 00 10 11; 9 1 5; 1
13972.13977; 3; 00 01 10; 1 18 17; 1
13977.13978; 3; 00 01 10; 1 27 38; 1
13977.13980; 3; 00 01 10; 1 18 24; 1
13977.13981; 3; 00 01 10; 1 16 21; 1
13978.13981; 3; 00 01 11; 29 1 21; 1
13980.13981; 3; 00 01 11; 36 1 30; 1
14043.14053; 3; 00 01 10; 2 11 3; 2
14044.14046; 3; 00 01 11; 29 1 14; 1
14044.14053; 3; 00 01 10; 2 8 4; 2
14046.14047; 3; 00 10 11; 83 1 52; 1
14046.14053; 3; 00 01 10; 2 19 21; 2
14046.14057; 3; 00 10 11; 26 1 18; 1
14047.14053; 3; 00 01 10; 2 19 24; 2
14050.14053; 3; 00 01 10; 2 44 45; 2
14050.14060; 3; 00 01 11; 7 1 9; 1
14053.14060; 3; 01 10 11; 9 7 1; 1
14059.14060; 3; 00 01 11; 35 1 20; 1
14060.14061; 3; 01 10 11; 47 30 1; 1
14062.14064; 3; 00 10 11; 52 1 44; 1
14062.14065; 3; 00 10 11; 34 1 33; 1
14062.14068; 3; 00 10 11; 23 1 14; 1
14505.14506; 3; 00 01 10; 1 17 28; 1
14878.14880; 4; 00 01 10 11; 1 33 28 1; 1
14879.14880; 4; 00 01 10 11; 1 36 29 1; 1
14880.14887; 3; 00 10 11; 2 1 12; 1
14880.14891; 3; 00 10 11; 11 1 13; 1
15326.15327; 3; 00 01 10; 1 40 40; 1
15660.15669; 3; 00 01 11; 10 1 8; 1
16658.16661; 3; 00 01 10; 1 53 34; 1
16658.16670; 3; 00 01 10; 1 15 8; 1
16660.16661; 3; 00 01 10; 1 53 34; 1
16660.16670; 3; 00 01 10; 1 15 6; 1
16692.16693; 3; 00 01 11; 59 1 40; 1
17482.17487; 3; 00 01 11; 7 1 8; 1
17483.17487; 3; 00 01 11; 7 1 9; 1
17903.17904; 3; 00 10 11; 54 1 33; 1
17903.17905; 3; 00 10 11; 14 1 21; 1
18252.18255; 3; 00 01 10; 5 4 5; 4
18252.18256; 3; 00 01 10; 4 4 5; 4
18252.18262; 3; 00 01 10; 5 4 8; 4
18252.18264; 3; 00 01 11; 4 3 6; 3
18252.18265; 3; 00 01 11; 4 3 1; 1
18253.18255; 3; 00 01 10; 7 11 7; 7
18253.18256; 3; 00 01 10; 6 11 7; 6
18253.18262; 3; 00 01 10; 3 6 10; 3
18253.18264; 3; 00 01 11; 4 5 7; 4
18253.18265; 3; 00 01 11; 4 5 1; 1
18254.18255; 3; 00 01 10; 12 11 11; 11
18254.18256; 3; 00 01 10; 11 11 11; 11
18254.18262; 3; 00 01 10; 4 6 12; 4
18254.18264; 3; 00 01 11; 7 5 9; 5
18254.18265; 3; 00 01 11; 7 5 3; 3
18255.18258; 3; 00 01 10; 5 7 4; 4
18255.18259; 3; 00 01 10; 5 12 9; 5
18255.18261; 3; 00 01 10; 6 13 11; 6
18255.18263; 3; 00 01 10; 5 15 10; 5
18255.18264; 3; 00 01 11; 5 7 7; 5
18255.18265; 3; 00 01 11; 5 3 5; 3
18256.18258; 3; 00 01 10; 4 7 5; 4
18256.18259; 3; 00 01 10; 4 12 9; 4
18256.18261; 3; 00 01 10; 6 13 11; 6
18256.18263; 3; 00 01 10; 5 15 10; 5
18256.18264; 3; 00 01 11; 5 7 8; 5
18256.18265; 3; 00 01 11; 5 3 6; 3
18258.18262; 3; 00 01 10; 6 6 14; 6
18258.18264; 3; 00 01 11; 14 14 13; 13
18258.18265; 3; 00 01 11; 15 12 3; 3
18259.18262; 3; 00 01 10; 33 30 20; 20
18259.18264; 3; 00 01 11; 7 10 6; 6
18259.18265; 3; 00 01 11; 16 11 4; 4
18259.18268; 3; 00 01 10; 11 10 3; 3
18261.18262; 3; 00 01 10; 41 32 20; 20
18261.18264; 3; 00 01 11; 5 5 3; 3
18261.18265; 3; 00 01 11; 13 10 4; 4
18261.18268; 3; 00 01 10; 15 12 5; 5
18262.18263; 3; 00 01 10; 41 41 42; 41
18262.18264; 3; 00 01 11; 3 21 18; 3
18262.18265; 3; 00 01 11; 9 3 10; 3
18263.18264; 3; 00 01 11; 2 19 25; 2
18263.18265; 3; 00 01 11; 7 9 3; 3
18263.18268; 3; 00 01 10; 15 16 9; 9
18264.18268; 3; 00 10 11; 3 6 7; 3
18265.18268; 3; 00 10 11; 6 3 11; 3
18265.18273; 3; 01 10 11; 1 1 1; 1
18274.18276; 3; 00 10 11; 16 1 7; 1
18275.18276; 3; 00 10 11; 16 1 7; 1
18282.18286; 3; 00 01 10; 4 7 5; 4
18282.18288; 3; 00 01 10; 10 5 4; 4
18282.18290; 3; 00 01 10; 11 6 5; 5
18282.18292; 3; 00 01 10; 10 6 4; 4
18282.18293; 3; 00 01 10; 11 6 2; 2
18282.18294; 3; 00 01 10; 6 10 4; 4
18282.18295; 3; 00 01 11; 11 6 4; 4
18282.18298; 3; 00 01 10; 10 7 3; 3
18282.18299; 3; 00 01 10; 5 5 2; 2
18285.18286; 3; 00 01 10; 4 8 7; 4
18285.18288; 3; 00 01 10; 3 5 1; 1
18285.18290; 3; 00 01 10; 4 6 1; 1
18285.18292; 3; 00 01 10; 4 6 1; 1
18287.18288; 3; 00 01 10; 27 7 13; 7
18287.18290; 3; 00 01 10; 23 7 10; 7
18287.18292; 3; 00 01 10; 21 7 6; 6
18287.18293; 3; 00 01 10; 20 7 5; 5
18287.18294; 3; 00 01 10; 7 17 4; 4
18287.18295; 3; 00 01 11; 17 7 4; 4
18287.18298; 3; 00 01 10; 13 7 1; 1
18288.18294; 3; 00 01 10; 4 17 8; 4
18288.18295; 3; 00 01 11; 17 4 8; 4
18290.18294; 3; 00 01 10; 7 17 10; 7
18290.18295; 3; 00 01 11; 18 7 10; 7
18292.18294; 3; 00 01 10; 7 17 11; 7
18292.18295; 3; 00 01 11; 18 7 11; 7
18293.18294; 3; 00 01 10; 6 18 11; 6
18293.18295; 3; 00 01 11; 19 6 11; 6
18294.18298; 3; 00 01 10; 6 12 15; 6
18294.18299; 3; 00 01 10; 5 8 9; 5
18295.18298; 3; 00 10 11; 16 6 12; 6
18295.18299; 3; 00 10 11; 10 5 8; 5
18301.18308; 3; 00 01 10; 1 5 1; 1
18304.18307; 3; 00 10 11; 2 2 6; 2
18304.18308; 3; 00 10 11; 3 4 2; 2
18304.18309; 3; 00 10 11; 3 1 1; 1
18304.18310; 3; 00 10 11; 3 1 1; 1
18304.18311; 3; 00 10 11; 3 1 1; 1
18305.18307; 3; 00 10 11; 4 7 17; 4
18305.18308; 3; 00 10 11; 5 14 9; 5
18305.18309; 3; 00 10 11; 2 6 7; 2
18305.18310; 3; 00 10 11; 2 6 6; 2
18305.18311; 3; 00 10 11; 3 5 5; 3
18307.18308; 3; 00 01 10; 50 51 33; 33
18307.18309; 3; 00 01 10; 28 38 20; 20
18307.18311; 3; 00 01 10; 17 24 14; 14
18308.18310; 3; 00 01 10; 32 22 46; 22
18309.18310; 3; 00 01 10; 40 31 67; 31
18310.18311; 3; 00 01 10; 41 61 25; 25
18666.18679; 3; 00 01 10; 1 6 13; 1
18679.18683; 3; 00 01 11; 28 2 21; 2
18679.18684; 3; 00 01 10; 2 15 7; 2
18960.18961; 3; 00 01 10; 1 21 24; 1
19005.19009; 3; 01 10 11; 12 11 1; 1
19008.19009; 4; 00 01 10 11; 1 30 29 1; 1
19009.19010; 4; 00 01 10 11; 2 55 52 1; 1
19093.19101; 3; 00 01 10; 1 3 4; 1
19095.19101; 3; 00 01 10; 1 3 12; 1
19101.19103; 3; 00 01 11; 23 6 18; 6
19103.19106; 3; 00 10 11; 23 6 17; 6
19502.19504; 3; 00 10 11; 21 2 28; 2
19502.19507; 3; 00 10 11; 7 2 7; 2
19644.19648; 3; 01 10 11; 1 1 1; 1
20231.20234; 3; 01 10 11; 16 9 2; 2
20231.20235; 3; 00 10 11; 5 2 3; 2
20231.20239; 3; 00 10 11; 4 2 3; 2
20231.20240; 3; 00 10 11; 4 2 4; 2
20298.20303; 3; 01 10 11; 19 8 1; 1
20299.20303; 3; 00 01 11; 9 1 21; 1
20300.20303; 3; 01 10 11; 22 10 1; 1
20303.20304; 3; 00 10 11; 11 1 20; 1
20513.20514; 3; 00 01 11; 45 1 21; 1
20514.20516; 3; 00 10 11; 43 1 20; 1
21277.21295; 3; 00 10 11; 6 1 5; 1
21858.21862; 3; 01 10 11; 1 1 3; 1
21862.21870; 3; 00 01 11; 2 4 3; 2
21862.21871; 3; 00 01 10; 4 1 3; 1
21862.21872; 3; 00 01 10; 5 1 3; 1
22025.22026; 3; 00 01 10; 1 24 24; 1
22188.22195; 3; 01 10 11; 11 7 1; 1
22194.22195; 3; 00 01 11; 37 1 32; 1
22207.22208; 3; 00 10 11; 38 1 34; 1
22660.22661; 3; 01 10 11; 40 35 1; 1
22661.22664; 3; 01 10 11; 24 34 1; 1
22661.22667; 3; 01 10 11; 10 24 1; 1
22675.22677; 3; 00 10 11; 44 1 14; 1
22675.22680; 3; 01 10 11; 2 3 1; 1
22707.22710; 3; 00 01 10; 1 21 13; 1
22708.22710; 3; 00 01 10; 1 20 13; 1
22757.22766; 3; 00 01 11; 3 1 2; 1
23018.23020; 3; 00 01 10; 3 12 29; 3
23018.23022; 3; 00 01 10; 3 9 25; 3
23987.23990; 3; 01 10 11; 3 3 1; 1
24337.24338; 3; 00 10 11; 60 2 52; 2
24337.24342; 3; 00 10 11; 6 2 13; 2
24648.24650; 3; 00 01 11; 32 1 41; 1
24648.24651; 3; 00 01 11; 27 1 41; 1
24951.24953; 3; 00 01 11; 47 2 37; 2
25120.25121; 3; 00 10 11; 50 1 31; 1
25120.25122; 3; 00 10 11; 48 1 23; 1
25120.25125; 3; 00 10 11; 4 1 3; 1
25308.25309; 3; 00 01 10; 1 12 37; 1
25308.25310; 3; 00 01 10; 1 8 33; 1
25308.25318; 3; 00 01 10; 1 1 4; 1
25308.25319; 3; 00 01 11; 1 1 12; 1
25446.25447; 3; 00 01 11; 64 1 44; 1
26066.26067; 3; 00 10 11; 8 1 17; 1
26067.26068; 3; 00 01 11; 40 1 32; 1
26068.26072; 3; 00 10 11; 22 1 5; 1
26068.26073; 3; 00 10 11; 22 1 5; 1
26068.26074; 4; 00 01 10 11; 18 1 1 5; 1
26068.26075; 3; 00 10 11; 21 1 3; 1
26068.26076; 3; 00 10 11; 21 1 3; 1
26072.26074; 3; 00 01 11; 43 1 20; 1
26073.26074; 3; 00 01 11; 43 1 19; 1
26074.26075; 3; 00 10 11; 40 1 20; 1
26074.26076; 3; 00 10 11; 38 1 20; 1
26173.26175; 3; 00 10 11; 45 1 34; 1
26368.26370; 3; 00 01 11; 39 1 30; 1
26368.26371; 3; 00 01 11; 37 1 30; 1
26400.26403; 3; 00 01 10; 2 8 7; 2
26400.26404; 3; 00 01 10; 2 8 8; 2
26781.26785; 3; 00 01 11; 7 1 15; 1
26783.26785; 3; 00 01 11; 31 1 33; 1
26842.26843; 3; 01 10 11; 35 40 1; 1
26912.26913; 3; 00 10 11; 40 1 50; 1
26913.26914; 3; 00 01 11; 46 1 57; 1
26913.26921; 3; 00 01 11; 14 1 21; 1
26913.26923; 3; 00 01 10; 1 14 18; 1
27293.27295; 3; 00 01 11; 23 1 18; 1
27504.27514; 3; 00 10 11; 5 1 9; 1
27508.27514; 3; 00 01 10; 2 12 9; 2
27510.27514; 3; 00 10 11; 12 2 19; 2
27619.27623; 3; 00 10 11; 19 1 14; 1
27619.27630; 3; 00 10 11; 4 1 6; 1
27673.27676; 3; 01 10 11; 55 44 1; 1
27709.27710; 3; 00 01 11; 40 1 31; 1
