#Locus.ID	Chr	BP	Col	Pop.ID	P.Nuc	Q.Nuc	N	P	Obs.Het	Obs.Hom	Exp.Het	Exp.Hom	N.Obs.Het	N.Exp.Het	N.Exp.Het.rounded	Ratio_N.Obs.Het_to_N.Exp.Het.rounded	Fis
1	contig1016_3_36307	10988	0	defaultpop	A	C	8	0.56250000	0.37500	0.62500	0.49219	0.50781	3	3.93752	4	0.75	0.25
2	contig10285_3_4394	2978	0	defaultpop	C	T	8	0.62500000	0.25000	0.75000	0.46875	0.53125	2	3.75	4	0.5	0.5
3	contig1034_3_25797	8587	0	defaultpop	C	T	8	0.62500000	0.50000	0.50000	0.46875	0.53125	4	3.75	4	1	0
5	contig10620_3_4049	1449	0	defaultpop	A	G	8	0.62500000	0.50000	0.50000	0.46875	0.53125	4	3.75	4	1	0
4	contig1055_3_35625	14201	0	defaultpop	C	T	8	0.50000000	0.50000	0.50000	0.50000	0.50000	4	4	4	1	0
7	contig10981_3_3713	860	0	defaultpop	A	G	8	0.50000000	0.50000	0.50000	0.50000	0.50000	4	4	4	1	0
6	contig106_30671_73243	12254	0	defaultpop	G	A	8	0.75000000	0.50000	0.50000	0.37500	0.62500	4	3	3	1.33333	-0.333333
9	contig1107_20353_35155	5622	0	defaultpop	C	T	8	0.50000000	0.50000	0.50000	0.50000	0.50000	4	4	4	1	0
8	contig1099_768_31484	18572	0	defaultpop	A	G	8	0.75000000	0.25000	0.75000	0.37500	0.62500	2	3	3	0.666667	0.333333
10	contig11096_3_3484	2734	0	defaultpop	A	G	8	0.56250000	0.62500	0.37500	0.49219	0.50781	5	3.93752	4	1.25	-0.25
11	contig1119_8910_34982	4594	0	defaultpop	G	C	8	0.75000000	0.25000	0.75000	0.37500	0.62500	2	3	3	0.666667	0.333333
12	contig111_68335_72420	2569	0	defaultpop	A	G	8	0.62500000	0.25000	0.75000	0.46875	0.53125	2	3.75	4	0.5	0.5
13	contig1144_211_32041	29152	0	defaultpop	C	T	8	0.50000000	0.25000	0.75000	0.50000	0.50000	2	4	4	0.5	0.5
14	contig1146_3_6024	1954	0	defaultpop	A	G	8	0.68750000	0.62500	0.37500	0.42969	0.57031	5	3.43752	3	1.66667	-0.666667
15	contig114_3_32133	11582	0	defaultpop	C	G	8	0.68750000	0.12500	0.87500	0.42969	0.57031	1	3.43752	3	0.333333	0.666667
17	contig1174_3_34231	14908	0	defaultpop	A	G	8	0.62500000	0.50000	0.50000	0.46875	0.53125	4	3.75	4	1	0
16	contig1172_17099_34236	15383	0	defaultpop	T	C	8	0.68750000	0.37500	0.62500	0.42969	0.57031	3	3.43752	3	1	0
19	contig120_32844_71492	18970	0	defaultpop	C	T	8	0.68750000	0.62500	0.37500	0.42969	0.57031	5	3.43752	3	1.66667	-0.666667
18	contig11_3_87454	72350	0	defaultpop	T	C	8	0.75000000	0.25000	0.75000	0.37500	0.62500	2	3	3	0.666667	0.333333
20	contig12197_1212_2746	1024	0	defaultpop	C	G	8	0.62500000	0.50000	0.50000	0.46875	0.53125	4	3.75	4	1	0
21	contig121_269_71439	5174	0	defaultpop	G	A	8	0.56250000	0.87500	0.12500	0.49219	0.50781	7	3.93752	4	1.75	-0.75
23	contig1226_3_8561	511	0	defaultpop	G	C	8	0.62500000	0.50000	0.50000	0.46875	0.53125	4	3.75	4	1	0
22	contig1222_12111_31408	6955	0	defaultpop	A	G	8	0.62500000	0.50000	0.50000	0.46875	0.53125	4	3.75	4	1	0
24	contig126_34856_50564	10090	0	defaultpop	T	A	8	0.75000000	0.50000	0.50000	0.37500	0.62500	4	3	3	1.33333	-0.333333
25	contig127_45128_70463	22843	0	defaultpop	G	A	8	0.68750000	0.37500	0.62500	0.42969	0.57031	3	3.43752	3	1	0
26	contig12947_3_2279	1497	0	defaultpop	T	C	8	0.68750000	0.37500	0.62500	0.42969	0.57031	3	3.43752	3	1	0
27	contig12_55593_60209	2164	0	defaultpop	G	A	8	0.75000000	0.50000	0.50000	0.37500	0.62500	4	3	3	1.33333	-0.333333
28	contig1319_3_16917	4985	0	defaultpop	G	A	8	0.75000000	0.50000	0.50000	0.37500	0.62500	4	3	3	1.33333	-0.333333
29	contig1381_3_31283	15888	0	defaultpop	T	C	8	0.75000000	0.50000	0.50000	0.37500	0.62500	4	3	3	1.33333	-0.333333
31	contig1512_11457_29958	7463	0	defaultpop	T	C	8	0.62500000	0.75000	0.25000	0.46875	0.53125	6	3.75	4	1.5	-0.5
30	contig14_89136_110284	13912	0	defaultpop	A	C	8	0.50000000	0.25000	0.75000	0.50000	0.50000	2	4	4	0.5	0.5
33	contig1553_3153_26955	3539	0	defaultpop	T	C	8	0.75000000	0.25000	0.75000	0.37500	0.62500	2	3	3	0.666667	0.333333
32	contig151_3_64799	49559	0	defaultpop	G	A	8	0.56250000	0.62500	0.37500	0.49219	0.50781	5	3.93752	4	1.25	-0.25
34	contig157_3_67270	13963	0	defaultpop	T	A	8	0.56250000	0.62500	0.37500	0.49219	0.50781	5	3.93752	4	1.25	-0.25
35	contig1608_3_29039	24880	0	defaultpop	C	T	8	0.68750000	0.37500	0.62500	0.42969	0.57031	3	3.43752	3	1	0
37	contig1636_3_28777	10436	0	defaultpop	A	G	8	0.68750000	0.12500	0.87500	0.42969	0.57031	1	3.43752	3	0.333333	0.666667
36	contig1629_9638_28466	10871	0	defaultpop	G	A	8	0.68750000	0.62500	0.37500	0.42969	0.57031	5	3.43752	3	1.66667	-0.666667
38	contig1654_13791_28379	3056	0	defaultpop	A	G	8	0.75000000	0.25000	0.75000	0.37500	0.62500	2	3	3	0.666667	0.333333
39	contig1660_2339_28621	7185	0	defaultpop	A	G	8	0.50000000	0.75000	0.25000	0.50000	0.50000	6	4	4	1.5	-0.5
40	contig16_86869_106238	842	0	defaultpop	G	A	8	0.62500000	0.75000	0.25000	0.46875	0.53125	6	3.75	4	1.5	-0.5
41	contig174_3_66365	65552	0	defaultpop	G	A	8	0.62500000	0.25000	0.75000	0.46875	0.53125	2	3.75	4	0.5	0.5
43	contig179_18663_41336	1105	0	defaultpop	C	T	8	0.56250000	0.37500	0.62500	0.49219	0.50781	3	3.93752	4	0.75	0.25
42	contig1785_2313_5821	1416	0	defaultpop	C	T	8	0.50000000	0.75000	0.25000	0.50000	0.50000	6	4	4	1.5	-0.5
44	contig1809_3_16519	3376	0	defaultpop	A	G	8	0.50000000	0.50000	0.50000	0.50000	0.50000	4	4	4	1	0
45	contig181_3_42470	11460	0	defaultpop	A	G	8	0.68750000	0.62500	0.37500	0.42969	0.57031	5	3.43752	3	1.66667	-0.666667
46	contig182_3_32296	19933	0	defaultpop	T	C	8	0.75000000	0.50000	0.50000	0.37500	0.62500	4	3	3	1.33333	-0.333333
47	contig1846_126_27021	21094	0	defaultpop	A	G	8	0.56250000	0.37500	0.62500	0.49219	0.50781	3	3.93752	4	0.75	0.25
49	contig1906_3_11693	7973	0	defaultpop	C	A	8	0.75000000	0.25000	0.75000	0.37500	0.62500	2	3	3	0.666667	0.333333
48	contig1882_3_26811	21613	0	defaultpop	G	T	8	0.62500000	0.75000	0.25000	0.46875	0.53125	6	3.75	4	1.5	-0.5
51	contig191_38570_41783	1025	0	defaultpop	C	T	8	0.50000000	0.50000	0.50000	0.50000	0.50000	4	4	4	1	0
50	contig1909_7932_19947	2433	0	defaultpop	C	T	8	0.50000000	0.50000	0.50000	0.50000	0.50000	4	4	4	1	0
53	contig1963_3_26229	14215	0	defaultpop	T	G	8	0.56250000	0.37500	0.62500	0.49219	0.50781	3	3.93752	4	0.75	0.25
52	contig1954_3_26302	23144	0	defaultpop	A	G	8	0.75000000	0.25000	0.75000	0.37500	0.62500	2	3	3	0.666667	0.333333
55	contig2020_3_19995	14910	0	defaultpop	A	G	8	0.68750000	0.12500	0.87500	0.42969	0.57031	1	3.43752	3	0.333333	0.666667
54	contig198_3_46615	25435	0	defaultpop	A	G	8	0.68750000	0.37500	0.62500	0.42969	0.57031	3	3.43752	3	1	0
56	contig2065_5594_19142	2140	0	defaultpop	T	C	8	0.75000000	0.50000	0.50000	0.37500	0.62500	4	3	3	1.33333	-0.333333
57	contig2099_6070_25248	6837	0	defaultpop	T	G	8	0.62500000	0.75000	0.25000	0.46875	0.53125	6	3.75	4	1.5	-0.5
59	contig2184_6108_24595	8805	0	defaultpop	T	G	8	0.75000000	0.25000	0.75000	0.37500	0.62500	2	3	3	0.666667	0.333333
58	contig211_3_62806	21577	0	defaultpop	C	T	8	0.56250000	0.37500	0.62500	0.49219	0.50781	3	3.93752	4	0.75	0.25
60	contig2192_3_24552	18107	0	defaultpop	A	G	8	0.50000000	0.50000	0.50000	0.50000	0.50000	4	4	4	1	0
61	contig219_38600_61851	22264	0	defaultpop	C	T	8	0.68750000	0.62500	0.37500	0.42969	0.57031	5	3.43752	3	1.66667	-0.666667
62	contig21_6968_69855	5376	0	defaultpop	A	G	8	0.56250000	0.12500	0.87500	0.49219	0.50781	1	3.93752	4	0.25	0.75
63	contig2201_1184_19944	17119	0	defaultpop	A	G	8	0.62500000	0.50000	0.50000	0.46875	0.53125	4	3.75	4	1	0
64	contig2278_595_8908	4654	0	defaultpop	T	C	8	0.56250000	0.62500	0.37500	0.49219	0.50781	5	3.93752	4	1.25	-0.25
65	contig228_20370_61301	35482	0	defaultpop	T	C	8	0.62500000	0.50000	0.50000	0.46875	0.53125	4	3.75	4	1	0
67	contig232_25356_60438	10869	0	defaultpop	G	A	8	0.56250000	0.37500	0.62500	0.49219	0.50781	3	3.93752	4	0.75	0.25
66	contig2296_3_23933	19080	0	defaultpop	T	C	8	0.56250000	0.62500	0.37500	0.49219	0.50781	5	3.93752	4	1.25	-0.25
69	contig2362_3_10168	2292	0	defaultpop	C	G	8	0.50000000	0.75000	0.25000	0.50000	0.50000	6	4	4	1.5	-0.5
70	contig2362_3_10168	5580	0	defaultpop	G	T	8	0.56250000	0.37500	0.62500	0.49219	0.50781	3	3.93752	4	0.75	0.25
68	contig2334_2682_16285	11078	0	defaultpop	A	T	8	0.62500000	0.50000	0.50000	0.46875	0.53125	4	3.75	4	1	0
72	contig2381_18583_23109	2833	0	defaultpop	G	C	8	0.75000000	0.50000	0.50000	0.37500	0.62500	4	3	3	1.33333	-0.333333
71	contig2369_19364_23481	3771	0	defaultpop	A	T	8	0.50000000	0.50000	0.50000	0.50000	0.50000	4	4	4	1	0
74	contig2487_1470_22781	6513	0	defaultpop	T	A	8	0.62500000	0.50000	0.50000	0.46875	0.53125	4	3.75	4	1	0
73	contig240_2053_19107	6854	0	defaultpop	C	A	8	0.56250000	0.37500	0.62500	0.49219	0.50781	3	3.93752	4	0.75	0.25
76	contig2544_126_10352	6421	0	defaultpop	C	T	8	0.68750000	0.37500	0.62500	0.42969	0.57031	3	3.43752	3	1	0
75	contig2492_6918_22753	10946	0	defaultpop	T	C	8	0.68750000	0.37500	0.62500	0.42969	0.57031	3	3.43752	3	1	0
78	contig2610_3_21861	6909	0	defaultpop	A	G	8	0.75000000	0.50000	0.50000	0.37500	0.62500	4	3	3	1.33333	-0.333333
77	contig2552_3_22456	22325	0	defaultpop	C	T	8	0.56250000	0.62500	0.37500	0.49219	0.50781	5	3.93752	4	1.25	-0.25
79	contig263_126_46211	5291	0	defaultpop	T	G	8	0.68750000	0.37500	0.62500	0.42969	0.57031	3	3.43752	3	1	0
80	contig2646_3_21935	7839	0	defaultpop	G	A	8	0.75000000	0.50000	0.50000	0.37500	0.62500	4	3	3	1.33333	-0.333333
82	contig2707_3_21543	4280	0	defaultpop	A	G	8	0.75000000	0.50000	0.50000	0.37500	0.62500	4	3	3	1.33333	-0.333333
81	contig2683_482_13430	7666	0	defaultpop	A	G	8	0.68750000	0.12500	0.87500	0.42969	0.57031	1	3.43752	3	0.333333	0.666667
83	contig2708_3_21539	864	0	defaultpop	A	T	8	0.75000000	0.25000	0.75000	0.37500	0.62500	2	3	3	0.666667	0.333333
84	contig2738_15447_21408	5608	0	defaultpop	T	A	8	0.62500000	0.25000	0.75000	0.46875	0.53125	2	3.75	4	0.5	0.5
86	contig283_2293_35124	5404	0	defaultpop	G	A	8	0.62500000	0.75000	0.25000	0.46875	0.53125	6	3.75	4	1.5	-0.5
85	contig276_323_36614	6269	0	defaultpop	A	C	8	0.75000000	0.50000	0.50000	0.37500	0.62500	4	3	3	1.33333	-0.333333
88	contig2842_6450_20798	2892	0	defaultpop	C	G	8	0.50000000	0.50000	0.50000	0.50000	0.50000	4	4	4	1	0
87	contig2841_599_4663	3397	0	defaultpop	C	T	8	0.75000000	0.00000	1.00000	0.37500	0.62500	0	3	3	0	1
89	contig284_36684_56907	2336	0	defaultpop	A	G	8	0.50000000	0.25000	0.75000	0.50000	0.50000	2	4	4	0.5	0.5
90	contig2878_3_20617	17812	0	defaultpop	G	T	8	0.56250000	0.37500	0.62500	0.49219	0.50781	3	3.93752	4	0.75	0.25
91	contig288_52858_57467	3031	0	defaultpop	G	A	8	0.56250000	0.37500	0.62500	0.49219	0.50781	3	3.93752	4	0.75	0.25
92	contig2895_3_20551	4807	0	defaultpop	A	G	8	0.75000000	0.50000	0.50000	0.37500	0.62500	4	3	3	1.33333	-0.333333
93	contig28_32575_61493	350	0	defaultpop	G	A	8	0.75000000	0.50000	0.50000	0.37500	0.62500	4	3	3	1.33333	-0.333333
94	contig2900_3_13697	11511	0	defaultpop	C	T	8	0.56250000	0.12500	0.87500	0.49219	0.50781	1	3.93752	4	0.25	0.75
95	contig297_3_1539	604	0	defaultpop	G	A	8	0.62500000	0.25000	0.75000	0.46875	0.53125	2	3.75	4	0.5	0.5
96	contig2_104568_158271	43259	0	defaultpop	G	A	8	0.56250000	0.62500	0.37500	0.49219	0.50781	5	3.93752	4	1.25	-0.25
97	contig30_1983_51956	28101	0	defaultpop	C	T	8	0.68750000	0.37500	0.62500	0.42969	0.57031	3	3.43752	3	1	0
98	contig30_1983_51956	36147	0	defaultpop	C	T	8	0.56250000	0.62500	0.37500	0.49219	0.50781	5	3.93752	4	1.25	-0.25
100	contig3157_3_19265	15914	0	defaultpop	C	T	8	0.68750000	0.62500	0.37500	0.42969	0.57031	5	3.43752	3	1.66667	-0.666667
99	contig312_6414_56226	38478	0	defaultpop	T	C	8	0.62500000	0.25000	0.75000	0.46875	0.53125	2	3.75	4	0.5	0.5
102	contig3192_12104_19116	3583	0	defaultpop	C	T	8	0.56250000	0.12500	0.87500	0.49219	0.50781	1	3.93752	4	0.25	0.75
101	contig3190_3_19122	18647	0	defaultpop	T	C	8	0.56250000	0.62500	0.37500	0.49219	0.50781	5	3.93752	4	1.25	-0.25
104	contig3254_4427_15885	4934	0	defaultpop	G	A	8	0.75000000	0.25000	0.75000	0.37500	0.62500	2	3	3	0.666667	0.333333
103	contig3253_3_18848	9333	0	defaultpop	C	T	8	0.62500000	0.25000	0.75000	0.46875	0.53125	2	3.75	4	0.5	0.5
105	contig3259_3_18830	18559	0	defaultpop	A	G	8	0.75000000	0.25000	0.75000	0.37500	0.62500	2	3	3	0.666667	0.333333
106	contig328_3_54424	46081	0	defaultpop	T	A	8	0.75000000	0.50000	0.50000	0.37500	0.62500	4	3	3	1.33333	-0.333333
108	contig339_32727_54655	2302	0	defaultpop	C	T	8	0.56250000	0.62500	0.37500	0.49219	0.50781	5	3.93752	4	1.25	-0.25
107	contig330_19063_55299	29114	0	defaultpop	C	T	8	0.56250000	0.62500	0.37500	0.49219	0.50781	5	3.93752	4	1.25	-0.25
109	contig3479_3_17452	5538	0	defaultpop	G	A	8	0.62500000	0.50000	0.50000	0.46875	0.53125	4	3.75	4	1	0
110	contig3481_3_17846	16538	0	defaultpop	A	G	8	0.50000000	0.25000	0.75000	0.50000	0.50000	2	4	4	0.5	0.5
111	contig3506_3_17738	5505	0	defaultpop	G	A	8	0.62500000	0.50000	0.50000	0.46875	0.53125	4	3.75	4	1	0
112	contig355_3_53710	28704	0	defaultpop	T	A	8	0.68750000	0.62500	0.37500	0.42969	0.57031	5	3.43752	3	1.66667	-0.666667
114	contig36_81811_83885	423	0	defaultpop	T	C	8	0.56250000	0.62500	0.37500	0.49219	0.50781	5	3.93752	4	1.25	-0.25
113	contig3602_1118_3117	751	0	defaultpop	T	C	8	0.62500000	0.25000	0.75000	0.46875	0.53125	2	3.75	4	0.5	0.5
116	contig3763_11325_16817	2328	0	defaultpop	C	T	8	0.62500000	0.50000	0.50000	0.46875	0.53125	4	3.75	4	1	0
115	contig3709_3_11412	4885	0	defaultpop	T	C	8	0.62500000	0.25000	0.75000	0.46875	0.53125	2	3.75	4	0.5	0.5
117	contig3861_3_11953	498	0	defaultpop	C	A	8	0.75000000	0.50000	0.50000	0.37500	0.62500	4	3	3	1.33333	-0.333333
118	contig395_9254_51493	36079	0	defaultpop	T	C	8	0.75000000	0.50000	0.50000	0.37500	0.62500	4	3	3	1.33333	-0.333333
120	contig4088_3_15634	2994	0	defaultpop	C	T	8	0.68750000	0.37500	0.62500	0.42969	0.57031	3	3.43752	3	1	0
119	contig4012_3_6834	3709	0	defaultpop	T	C	8	0.68750000	0.37500	0.62500	0.42969	0.57031	3	3.43752	3	1	0
122	contig4223_3_4057	2779	0	defaultpop	A	G	8	0.75000000	0.25000	0.75000	0.37500	0.62500	2	3	3	0.666667	0.333333
121	contig411_3_50423	8724	0	defaultpop	G	A	8	0.56250000	0.37500	0.62500	0.49219	0.50781	3	3.93752	4	0.75	0.25
124	contig429_3_50230	21051	0	defaultpop	A	G	8	0.56250000	0.12500	0.87500	0.49219	0.50781	1	3.93752	4	0.25	0.75
123	contig427_3_39923	36847	0	defaultpop	A	G	8	0.56250000	0.37500	0.62500	0.49219	0.50781	3	3.93752	4	0.75	0.25
126	contig4326_12520_14983	710	0	defaultpop	A	T	8	0.50000000	0.75000	0.25000	0.50000	0.50000	6	4	4	1.5	-0.5
125	contig42_405_42233	6608	0	defaultpop	T	G	8	0.75000000	0.00000	1.00000	0.37500	0.62500	0	3	3	0	1
128	contig4432_3_14637	1505	0	defaultpop	C	T	8	0.62500000	0.50000	0.50000	0.46875	0.53125	4	3.75	4	1	0
127	contig4345_3_14352	5926	0	defaultpop	C	T	8	0.75000000	0.25000	0.75000	0.37500	0.62500	2	3	3	0.666667	0.333333
130	contig4466_5914_14547	1532	0	defaultpop	T	G	8	0.68750000	0.37500	0.62500	0.42969	0.57031	3	3.43752	3	1	0
129	contig4450_3_5819	4101	0	defaultpop	C	T	8	0.75000000	0.50000	0.50000	0.37500	0.62500	4	3	3	1.33333	-0.333333
131	contig4487_8213_13126	2328	0	defaultpop	C	G	8	0.62500000	0.75000	0.25000	0.46875	0.53125	6	3.75	4	1.5	-0.5
132	contig456_3_49185	36227	0	defaultpop	G	A	8	0.68750000	0.37500	0.62500	0.42969	0.57031	3	3.43752	3	1	0
133	contig4605_3_13929	437	0	defaultpop	T	C	8	0.68750000	0.37500	0.62500	0.42969	0.57031	3	3.43752	3	1	0
134	contig46_1408_25090	20856	0	defaultpop	A	C	8	0.56250000	0.37500	0.62500	0.49219	0.50781	3	3.93752	4	0.75	0.25
135	contig4814_3_13571	4507	0	defaultpop	A	C	8	0.68750000	0.12500	0.87500	0.42969	0.57031	1	3.43752	3	0.333333	0.666667
136	contig483_3_48345	17900	0	defaultpop	C	T	8	0.50000000	0.25000	0.75000	0.50000	0.50000	2	4	4	0.5	0.5
137	contig4968_3_3477	1626	0	defaultpop	C	T	8	0.50000000	0.25000	0.75000	0.50000	0.50000	2	4	4	0.5	0.5
138	contig4_45820_68253	8700	0	defaultpop	C	T	8	0.56250000	0.37500	0.62500	0.49219	0.50781	3	3.93752	4	0.75	0.25
139	contig5305_854_5402	635	0	defaultpop	A	G	8	0.75000000	0.50000	0.50000	0.37500	0.62500	4	3	3	1.33333	-0.333333
140	contig5312_3_6008	2396	0	defaultpop	C	T	8	0.56250000	0.37500	0.62500	0.49219	0.50781	3	3.93752	4	0.75	0.25
141	contig537_39716_45082	772	0	defaultpop	T	C	8	0.68750000	0.37500	0.62500	0.42969	0.57031	3	3.43752	3	1	0
142	contig537_39716_45082	4843	0	defaultpop	G	A	8	0.68750000	0.12500	0.87500	0.42969	0.57031	1	3.43752	3	0.333333	0.666667
144	contig5481_1056_2530	245	0	defaultpop	G	A	8	0.75000000	0.25000	0.75000	0.37500	0.62500	2	3	3	0.666667	0.333333
143	contig540_20877_46591	12590	0	defaultpop	C	A	8	0.56250000	0.62500	0.37500	0.49219	0.50781	5	3.93752	4	1.25	-0.25
145	contig5512_3_11820	643	0	defaultpop	G	C	8	0.56250000	0.37500	0.62500	0.49219	0.50781	3	3.93752	4	0.75	0.25
146	contig5546_1575_11107	5944	0	defaultpop	C	T	8	0.56250000	0.37500	0.62500	0.49219	0.50781	3	3.93752	4	0.75	0.25
147	contig563_3_45830	35780	0	defaultpop	A	T	8	0.75000000	0.50000	0.50000	0.37500	0.62500	4	3	3	1.33333	-0.333333
148	contig56_3_79477	52727	0	defaultpop	G	T	8	0.75000000	0.50000	0.50000	0.37500	0.62500	4	3	3	1.33333	-0.333333
150	contig577_34369_45499	223	0	defaultpop	A	G	8	0.50000000	0.75000	0.25000	0.50000	0.50000	6	4	4	1.5	-0.5
149	contig570_3_45717	19788	0	defaultpop	A	C	8	0.68750000	0.62500	0.37500	0.42969	0.57031	5	3.43752	3	1.66667	-0.666667
151	contig57_3_86741	49629	0	defaultpop	T	C	8	0.62500000	0.25000	0.75000	0.46875	0.53125	2	3.75	4	0.5	0.5
152	contig57_3_86741	61375	0	defaultpop	G	A	8	0.68750000	0.37500	0.62500	0.42969	0.57031	3	3.43752	3	1	0
154	contig600_3_14050	1768	0	defaultpop	A	G	8	0.56250000	0.37500	0.62500	0.49219	0.50781	3	3.93752	4	0.75	0.25
153	contig5_1265_65555	45806	0	defaultpop	T	C	8	0.75000000	0.50000	0.50000	0.37500	0.62500	4	3	3	1.33333	-0.333333
155	contig602_28561_44677	15568	0	defaultpop	G	A	8	0.62500000	0.50000	0.50000	0.46875	0.53125	4	3.75	4	1	0
156	contig614_7577_44450	24117	0	defaultpop	C	T	8	0.75000000	0.25000	0.75000	0.37500	0.62500	2	3	3	0.666667	0.333333
157	contig6228_3_10297	2552	0	defaultpop	A	C	8	0.56250000	0.37500	0.62500	0.49219	0.50781	3	3.93752	4	0.75	0.25
158	contig628_3_30930	6529	0	defaultpop	C	T	8	0.62500000	0.50000	0.50000	0.46875	0.53125	4	3.75	4	1	0
159	contig62_3_54247	6356	0	defaultpop	G	A	8	0.56250000	0.62500	0.37500	0.49219	0.50781	5	3.93752	4	1.25	-0.25
160	contig631_3_44031	36192	0	defaultpop	C	A	8	0.62500000	0.25000	0.75000	0.46875	0.53125	2	3.75	4	0.5	0.5
161	contig633_31967_43893	2607	0	defaultpop	C	A	8	0.56250000	0.37500	0.62500	0.49219	0.50781	3	3.93752	4	0.75	0.25
162	contig6368_266_10034	4329	0	defaultpop	T	C	8	0.56250000	0.62500	0.37500	0.49219	0.50781	5	3.93752	4	1.25	-0.25
163	contig6430_3_2760	2269	0	defaultpop	C	T	8	0.62500000	0.25000	0.75000	0.46875	0.53125	2	3.75	4	0.5	0.5
164	contig651_9126_25622	8426	0	defaultpop	G	T	8	0.68750000	0.62500	0.37500	0.42969	0.57031	5	3.43752	3	1.66667	-0.666667
165	contig6588_189_6551	125	0	defaultpop	T	C	8	0.62500000	0.50000	0.50000	0.46875	0.53125	4	3.75	4	1	0
166	contig659_3_20913	6336	0	defaultpop	A	G	8	0.75000000	0.50000	0.50000	0.37500	0.62500	4	3	3	1.33333	-0.333333
167	contig671_3_43004	11792	0	defaultpop	T	A	8	0.62500000	0.25000	0.75000	0.46875	0.53125	2	3.75	4	0.5	0.5
168	contig678_3_42856	18308	0	defaultpop	A	G	8	0.50000000	0.50000	0.50000	0.50000	0.50000	4	4	4	1	0
170	contig6865_3_9106	3394	0	defaultpop	T	C	8	0.68750000	0.62500	0.37500	0.42969	0.57031	5	3.43752	3	1.66667	-0.666667
169	contig67_58901_75185	5843	0	defaultpop	C	A	8	0.56250000	0.37500	0.62500	0.49219	0.50781	3	3.93752	4	0.75	0.25
172	contig6995_3_8880	432	0	defaultpop	G	A	8	0.56250000	0.37500	0.62500	0.49219	0.50781	3	3.93752	4	0.75	0.25
171	contig6914_3_2397	2265	0	defaultpop	C	T	8	0.75000000	0.50000	0.50000	0.37500	0.62500	4	3	3	1.33333	-0.333333
173	contig7003_3_8871	3209	0	defaultpop	G	T	8	0.75000000	0.50000	0.50000	0.37500	0.62500	4	3	3	1.33333	-0.333333
174	contig7218_3_8494	6902	0	defaultpop	C	T	8	0.50000000	0.50000	0.50000	0.50000	0.50000	4	4	4	1	0
176	contig7643_2033_7675	1725	0	defaultpop	T	C	8	0.68750000	0.62500	0.37500	0.42969	0.57031	5	3.43752	3	1.66667	-0.666667
175	contig747_36088_40911	3523	0	defaultpop	C	T	8	0.56250000	0.37500	0.62500	0.49219	0.50781	3	3.93752	4	0.75	0.25
178	contig7717_536_6592	459	0	defaultpop	T	A	8	0.62500000	0.75000	0.25000	0.46875	0.53125	6	3.75	4	1.5	-0.5
177	contig7671_65_7761	611	0	defaultpop	G	A	8	0.56250000	0.62500	0.37500	0.49219	0.50781	5	3.93752	4	1.25	-0.25
179	contig7839_3_7487	2183	0	defaultpop	C	T	8	0.56250000	0.12500	0.87500	0.49219	0.50781	1	3.93752	4	0.25	0.75
180	contig802_10478_27238	15691	0	defaultpop	A	G	8	0.75000000	0.50000	0.50000	0.37500	0.62500	4	3	3	1.33333	-0.333333
181	contig805_1138_39784	13171	0	defaultpop	T	C	8	0.56250000	0.12500	0.87500	0.49219	0.50781	1	3.93752	4	0.25	0.75
182	contig815_12366_39532	19685	0	defaultpop	G	A	8	0.62500000	0.50000	0.50000	0.46875	0.53125	4	3.75	4	1	0
183	contig8322_3_6767	995	0	defaultpop	C	T	8	0.50000000	0.25000	0.75000	0.50000	0.50000	2	4	4	0.5	0.5
184	contig859_3_38875	27067	0	defaultpop	T	C	8	0.75000000	0.50000	0.50000	0.37500	0.62500	4	3	3	1.33333	-0.333333
185	contig8608_3_6219	731	0	defaultpop	A	T	8	0.56250000	0.37500	0.62500	0.49219	0.50781	3	3.93752	4	0.75	0.25
186	contig866_3_38622	8654	0	defaultpop	A	C	8	0.75000000	0.50000	0.50000	0.37500	0.62500	4	3	3	1.33333	-0.333333
188	contig883_3_36956	6084	0	defaultpop	G	C	8	0.62500000	0.50000	0.50000	0.46875	0.53125	4	3.75	4	1	0
187	contig86_3_76876	21607	0	defaultpop	C	A	8	0.68750000	0.62500	0.37500	0.42969	0.57031	5	3.43752	3	1.66667	-0.666667
190	contig88_3_5525	1909	0	defaultpop	T	G	8	0.62500000	0.50000	0.50000	0.46875	0.53125	4	3.75	4	1	0
189	contig8875_3_5994	3269	0	defaultpop	G	C	8	0.56250000	0.87500	0.12500	0.49219	0.50781	7	3.93752	4	1.75	-0.75
192	contig9176_3_5483	2180	0	defaultpop	C	T	8	0.50000000	0.25000	0.75000	0.50000	0.50000	2	4	4	0.5	0.5
191	contig904_23737_27523	2836	0	defaultpop	T	C	8	0.68750000	0.37500	0.62500	0.42969	0.57031	3	3.43752	3	1	0
193	contig930_3_10003	835	0	defaultpop	T	A	8	0.62500000	0.25000	0.75000	0.46875	0.53125	2	3.75	4	0.5	0.5
194	contig931_3_36604	33769	0	defaultpop	C	T	8	0.50000000	0.75000	0.25000	0.50000	0.50000	6	4	4	1.5	-0.5
196	contig94_3_75535	10808	0	defaultpop	T	C	8	0.62500000	0.25000	0.75000	0.46875	0.53125	2	3.75	4	0.5	0.5
195	contig940_3_37539	19387	0	defaultpop	C	T	8	0.62500000	0.50000	0.50000	0.46875	0.53125	4	3.75	4	1	0
198	contig954_16344_37340	16367	0	defaultpop	A	G	8	0.68750000	0.37500	0.62500	0.42969	0.57031	3	3.43752	3	1	0
197	contig953_366_37372	19027	0	defaultpop	T	G	8	0.56250000	0.62500	0.37500	0.49219	0.50781	5	3.93752	4	1.25	-0.25
199	contig974_3_35942	26048	0	defaultpop	T	C	8	0.68750000	0.12500	0.87500	0.42969	0.57031	1	3.43752	3	0.333333	0.666667
200	contig9_75614_118351	40908	0	defaultpop	T	C	8	0.56250000	0.37500	0.62500	0.49219	0.50781	3	3.93752	4	0.75	0.25
